P -291.0000, -2545.0000, -48.4050,  0, 0, 0,  3,  to_Erudin
P 429.0000, 2601.0000, -41.9680,  0, 0, 0,  3,  to_Paineel
P 909.0000, 1483.0000, -38.6740,  0, 0, 0,  3,  Great_Spires
P 359.0000, -1081.0000, -60.6020,  0, 0, 0,  3,  Druid_Circle
P 417.0000, 2586.0000, 0.0000,  0, 0, 0,  2,  to_Paineel
P -2440.0000, 450.0000, 0.0000,  0, 0, 0,  2,  to_Kerra_Isle
P -265.0000, -40.0000, 0.0000,  0, 0, 0,  2,  Bridge
P 850.0000, -1150.0000, 0.0000,  0, 0, 0,  2,  Necromancer's_Guild
P -1150.0000, -150.0000, 0.0000,  0, 0, 0,  2,  Pier
P -203.0000, -2295.0000, 0.0000,  64, 64, 64,  2,  Succor_Point
