P -413.0000, 324.0000, -238.0000,  0, 0, 0,  2,  Courtyard
P 58.0000, 141.0000, -192.0000,  0, 0, 0,  2,  Secret_Passage
P 105.0000, 140.0000, -192.0000,  0, 0, 0,  2,  Negotiator_Room
P 3.0000, 142.0000, -196.0000,  0, 0, 0,  2,  Gypsy_Pit
P -45.0000, 306.0000, -186.0000,  0, 0, 0,  2,  Crypt
P -126.0000, 347.0000, -182.0000,  0, 240, 0,  2,  to_Greater_Faydark
P -357.0000, 245.0000, -141.0000,  0, 0, 0,  2,  Lift
P -122.0000, 240.0000, -158.0000,  0, 0, 0,  2,  Gargoyle_Lair
P -45.0000, 194.0000, -158.0000,  0, 0, 0,  2,  Bedroom
P -79.0000, 73.0000, -164.0000,  0, 0, 0,  2,  Library
P 106.0000, 88.0000, -164.0000,  0, 0, 0,  2,  Guest_Room
P 120.0000, 257.0000, 0.0000,  0, 0, 0,  2,  Kitchen
P 97.0000, 201.0000, 0.0000,  0, 0, 0,  2,  Gargoyle_Lair
P 2.0000, 106.0000, 0.0000,  0, 0, 0,  2,  Ballroom
P -81.0000, 138.0000, 0.0000,  0, 0, 0,  2,  Piano_Room
P -89.0000, -12.0000, 0.0000,  0, 0, 0,  2,  Fountain
P -150.0000, 73.0000, 0.0000,  0, 0, 0,  2,  Garden
P -46.0000, 357.0000, 0.0000,  0, 0, 0,  2,  Mistmoore's_Coffin
P -392.0000, -89.0000, 0.0000,  0, 0, 0,  2,  Graveyard
P -378.0000, 7.0000, 0.0000,  0, 0, 0,  2,  Mausoleum
P -183.0000, 233.0000, 0.0000,  0, 0, 0,  2,  Torture_Room
P -350.0000, 222.0000, 0.0000,  0, 0, 0,  2,  Tower
P -90.0000, 175.0000, 0.0000,  0, 0, 0,  2,  Spa
P -314.0000, 74.0000, 0.0000,  0, 0, 0,  2,  Jail
P 21.0000, 129.0000, 0.0000,  0, 0, 0,  2,  Throne_Room
P 0.0000, 13.0000, 0.0000,  0, 0, 0,  2,  Entry_Hall
P -1.0000, 58.0000, 0.0000,  0, 0, 0,  2,  Balcony
