L 283, -2172, -682, -65, -2174, -68, 64, 64, 64
L -65, -2174, -68, -65, -1842, -64, 64, 64, 64
L -65, -1842, -64, -43, -1841, -62, 64, 64, 64
L -43, -1841, -62, -43, -1672, -64, 64, 64, 64
L -43, -1672, -64, -59, -1652, -65, 64, 64, 64
L -59, -1652, -65, -59, -1135, -64, 64, 64, 64
L -59, -1135, -64, -45, -1136, -64, 64, 64, 64
L -45, -1136, -64, -45, -1121, -64, 64, 64, 64
L -45, -1121, -64, -59, -1121, -63, 64, 64, 64
L -59, -1121, -63, -63, -1030, -45, 64, 64, 64
L -63, -1030, -45, -61, -1029, -44, 64, 64, 64
L -61, -1029, -44, -62, -1015, -42, 64, 64, 64
L -62, -1015, -42, -45, -1018, -41, 64, 64, 64
L -45, -1018, -41, -45, -1004, -41, 64, 64, 64
L -45, -1004, -41, -62, -1005, -42, 64, 64, 64
L -62, -1005, -42, -65, -716, -15, 64, 64, 64
L -65, -716, -15, -63, -643, 3, 64, 64, 64
L -63, -643, 3, -61, -643, 3, 64, 64, 64
L -61, -643, 3, -60, -562, 4, 64, 64, 64
L -60, -562, 4, -45, -562, 4, 64, 64, 64
L -45, -562, 4, -45, -548, 4, 64, 64, 64
L -45, -548, 4, -59, -548, 4, 64, 64, 64
L -59, -548, 4, -60, -550, 5, 64, 64, 64
L -60, -550, 5, -88, -543, 3, 64, 64, 64
L -88, -543, 3, -95, -537, 3, 64, 64, 64
L -95, -537, 3, -100, -527, 3, 64, 64, 64
L -100, -527, 3, -101, -522, 3, 64, 64, 64
L -101, -522, 3, -102, -509, 4, 64, 64, 64
L -102, -509, 4, -100, -508, 4, 64, 64, 64
L -100, -508, 4, -100, -494, 4, 64, 64, 64
L -100, -494, 4, -114, -494, 4, 64, 64, 64
L -114, -494, 4, -114, -508, 4, 64, 64, 64
L -114, -508, 4, -174, -508, 4, 64, 64, 64
L -174, -508, 4, -175, -494, 4, 64, 64, 64
L -175, -494, 4, -188, -494, 4, 64, 64, 64
L -188, -494, 4, -188, -508, 4, 64, 64, 64
L -188, -508, 4, -282, -508, 24, 64, 64, 64
L -282, -508, 24, -387, -515, 43, 64, 64, 64
L -387, -515, 43, -380, -577, 40, 64, 64, 64
L -380, -577, 40, -353, -581, 40, 64, 64, 64
L -353, -581, 40, -341, -579, 40, 64, 64, 64
L -341, -579, 40, -305, -579, 40, 64, 64, 64
L -305, -579, 40, -290, -581, 39, 64, 64, 64
L -290, -581, 39, -282, -579, 39, 64, 64, 64
L -282, -579, 39, -272, -581, 39, 64, 64, 64
L -272, -581, 39, -243, -630, 39, 64, 64, 64
L -243, -630, 39, -243, -759, 39, 64, 64, 64
L -243, -759, 39, -250, -759, 39, 64, 64, 64
L -250, -759, 39, -248, -870, 28, 64, 64, 64
L -248, -870, 28, -363, -870, 30, 64, 64, 64
L -363, -870, 30, -365, -881, 40, 64, 64, 64
L -365, -881, 40, -360, -902, 38, 64, 64, 64
L -360, -902, 38, -362, -904, 40, 64, 64, 64
L -362, -904, 40, -362, -987, 40, 64, 64, 64
L -362, -987, 40, -374, -1018, 50, 64, 64, 64
L -374, -1018, 50, -385, -1037, 41, 64, 64, 64
L -385, -1037, 41, -508, -1036, 44, 64, 64, 64
L -508, -1036, 44, -543, -1036, 46, 64, 64, 64
L -543, -1036, 46, -590, -1028, 38, 64, 64, 64
L -590, -1028, 38, -596, -1030, 44, 64, 64, 64
L -596, -1030, 44, -620, -1030, 36, 64, 64, 64
L -620, -1030, 36, -622, -1050, 43, 64, 64, 64
L -622, -1050, 43, -618, -1053, 46, 64, 64, 64
L -618, -1053, 46, -617, -1092, 47, 64, 64, 64
L -617, -1092, 47, -617, -1117, 39, 64, 64, 64
L -617, -1117, 39, -512, -1120, 36, 64, 64, 64
L -512, -1120, 36, -446, -1124, 34, 64, 64, 64
L -446, -1124, 34, -416, -1115, 33, 64, 64, 64
L -416, -1115, 33, -373, -1107, 33, 64, 64, 64
L -373, -1107, 33, -369, -1116, 33, 64, 64, 64
L -369, -1116, 33, -379, -1125, 33, 64, 64, 64
L -379, -1125, 33, -407, -1151, 37, 64, 64, 64
L -407, -1151, 37, -457, -1203, 41, 64, 64, 64
L -457, -1203, 41, -452, -1253, 44, 64, 64, 64
L -452, -1253, 44, -463, -1254, 30, 64, 64, 64
L -463, -1254, 30, -463, -1272, 27, 64, 64, 64
L -463, -1272, 27, -445, -1272, 27, 64, 64, 64
L -445, -1272, 27, -444, -1268, 37, 64, 64, 64
L -444, -1268, 37, -401, -1265, 45, 64, 64, 64
L -401, -1265, 45, -360, -1264, 38, 64, 64, 64
L -360, -1264, 38, -349, -1271, 33, 64, 64, 64
L -349, -1271, 33, -319, -1255, 26, 64, 64, 64
L -319, -1255, 26, -307, -1236, 34, 64, 64, 64
L -307, -1236, 34, -282, -1229, 32, 64, 64, 64
L -282, -1229, 32, -252, -1237, 29, 64, 64, 64
L -252, -1237, 29, -231, -1235, 40, 64, 64, 64
L -231, -1235, 40, -188, -1236, 41, 64, 64, 64
L -188, -1236, 41, -127, -1236, 45, 64, 64, 64
L -127, -1236, 45, -116, -1270, 56, 64, 64, 64
L -116, -1270, 56, -138, -1279, 35, 64, 64, 64
L -138, -1279, 35, -137, -1415, 35, 64, 64, 64
L -137, -1415, 35, -142, -1428, 31, 64, 64, 64
L -142, -1428, 31, -140, -1608, 34, 64, 64, 64
L -140, -1608, 34, -136, -1646, 37, 64, 64, 64
L -136, -1646, 37, -137, -1701, 33, 64, 64, 64
L -137, -1701, 33, -145, -1726, 42, 64, 64, 64
L -145, -1726, 42, -95, -1724, 19, 64, 64, 64
L -95, -1724, 19, -94, -1766, 30, 64, 64, 64
L -94, -1766, 30, -94, -1854, 30, 64, 64, 64
L -94, -1854, 30, -107, -1861, 31, 64, 64, 64
L -107, -1861, 31, -191, -1861, 31, 64, 64, 64
L -191, -1861, 31, -191, -1834, 22, 64, 64, 64
L -191, -1834, 22, -211, -1834, 21, 64, 64, 64
L -211, -1834, 21, -211, -1849, 29, 64, 64, 64
L -211, -1849, 29, -305, -1849, 29, 64, 64, 64
L -305, -1849, 29, -322, -1843, 36, 64, 64, 64
L -322, -1843, 36, -355, -1826, 31, 64, 64, 64
L -355, -1826, 31, -355, -1802, 18, 64, 64, 64
L -355, -1802, 18, -355, -1790, 26, 64, 64, 64
L -355, -1790, 26, -356, -1697, 22, 64, 64, 64
L -356, -1697, 22, -360, -1624, 20, 64, 64, 64
L -360, -1624, 20, -365, -1630, 30, 64, 64, 64
L -365, -1630, 30, -441, -1630, 30, 64, 64, 64
L -441, -1630, 30, -441, -1568, 20, 64, 64, 64
L -441, -1568, 20, -447, -1560, 25, 64, 64, 64
L -447, -1560, 25, -458, -1558, 44, 64, 64, 64
L -458, -1558, 44, -532, -1558, 46, 64, 64, 64
L -532, -1558, 46, -523, -1523, 37, 64, 64, 64
L -523, -1523, 37, -515, -1525, 35, 64, 64, 64
L -515, -1525, 35, -514, -1508, 26, 64, 64, 64
L -514, -1508, 26, -524, -1510, 34, 64, 64, 64
L -524, -1510, 34, -524, -1484, 34, 64, 64, 64
L -524, -1484, 34, -518, -1483, 34, 64, 64, 64
L -518, -1483, 34, -509, -1467, 24, 64, 64, 64
L -509, -1467, 24, -518, -1438, 28, 64, 64, 64
L -518, -1438, 28, -524, -1408, 35, 64, 64, 64
L -524, -1408, 35, -524, -1323, 35, 64, 64, 64
L -524, -1323, 35, -501, -1322, 29, 64, 64, 64
L -501, -1322, 29, -501, -1307, 31, 64, 64, 64
L -501, -1307, 31, -554, -1311, 37, 64, 64, 64
L -554, -1311, 37, -555, -1288, 36, 64, 64, 64
L -555, -1288, 36, -571, -1288, 42, 64, 64, 64
L -571, -1288, 42, -572, -1292, 42, 64, 64, 64
L -572, -1292, 42, -697, -1295, 55, 64, 64, 64
L -697, -1295, 55, -693, -1266, 37, 64, 64, 64
L -693, -1266, 37, -663, -1267, 45, 64, 64, 64
L -663, -1267, 45, -568, -1264, 55, 64, 64, 64
L -568, -1264, 55, -511, -1264, 41, 64, 64, 64
L -511, -1264, 41, -501, -1266, 37, 64, 64, 64
L -501, -1266, 37, -504, -1230, 44, 64, 64, 64
L -504, -1230, 44, -492, -1209, 29, 64, 64, 64
L -492, -1209, 29, -515, -1188, 33, 64, 64, 64
L -515, -1188, 33, -535, -1170, 54, 64, 64, 64
L -535, -1170, 54, -565, -1183, 39, 64, 64, 64
L -565, -1183, 39, -614, -1195, 68, 64, 64, 64
L -614, -1195, 68, -618, -1177, 44, 64, 64, 64
L -618, -1177, 44, -638, -1152, 57, 64, 64, 64
L -638, -1152, 57, -666, -1105, 44, 64, 64, 64
L -666, -1105, 44, -669, -1052, 50, 64, 64, 64
L -669, -1052, 50, -672, -1007, 36, 64, 64, 64
L -672, -1007, 36, -669, -949, 49, 64, 64, 64
L -669, -949, 49, -669, -833, 49, 64, 64, 64
L -669, -833, 49, -672, -787, 48, 64, 64, 64
L -672, -787, 48, -673, -766, 44, 64, 64, 64
L -673, -766, 44, -554, -766, 47, 64, 64, 64
L -554, -766, 47, -549, -762, 42, 64, 64, 64
L -549, -762, 42, -550, -634, 45, 64, 64, 64
L -550, -634, 45, -544, -626, 43, 64, 64, 64
L -544, -626, 43, -544, -604, 45, 64, 64, 64
L -544, -604, 45, -531, -600, 35, 64, 64, 64
L -531, -600, 35, -525, -594, 35, 64, 64, 64
L -525, -594, 35, -528, -587, 34, 64, 64, 64
L -528, -587, 34, -518, -582, 35, 64, 64, 64
L -518, -582, 35, -493, -579, 38, 64, 64, 64
L -493, -579, 38, -441, -576, 43, 64, 64, 64
L -441, -576, 43, -440, -584, 37, 64, 64, 64
L -440, -584, 37, -416, -583, 44, 64, 64, 64
L -416, -583, 44, -416, -576, 49, 64, 64, 64
L -416, -576, 49, -418, -514, 37, 64, 64, 64
L -418, -514, 37, -544, -514, 49, 64, 64, 64
L -544, -514, 49, -665, -512, 71, 64, 64, 64
L -665, -512, 71, -966, -512, 72, 64, 64, 64
L -966, -512, 72, -966, -492, 73, 64, 64, 64
L -966, -492, 73, -992, -490, 72, 64, 64, 64
L -992, -490, 72, -993, -535, 72, 64, 64, 64
L -1031, -512, 721, -1023, -511, 72, 64, 64, 64
L -1023, -511, 72, -1023, -410, 72, 64, 64, 64
L -1023, -410, 72, -1032, -409, 72, 64, 64, 64
L -1029, -389, 721, -993, -389, 72, 64, 64, 64
L -993, -389, 72, -993, -432, 72, 64, 64, 64
L -993, -432, 72, -967, -433, 72, 64, 64, 64
L -967, -433, 72, -966, -430, 73, 64, 64, 64
L -966, -430, 73, -952, -430, 73, 64, 64, 64
L -952, -430, 73, -966, -412, 72, 64, 64, 64
L -966, -412, 72, -626, -412, 62, 64, 64, 64
L -626, -412, 62, -281, -410, 38, 64, 64, 64
L -281, -410, 38, -115, -412, 21, 64, 64, 64
L -115, -412, 21, -114, -430, 4, 64, 64, 64
L -114, -430, 4, -100, -430, 4, 64, 64, 64
L -100, -430, 4, -100, -416, 4, 64, 64, 64
L -100, -416, 4, -101, -415, 4, 64, 64, 64
L -101, -415, 4, -100, -401, 3, 64, 64, 64
L -100, -401, 3, -93, -389, 3, 64, 64, 64
L -93, -389, 3, -80, -378, 3, 64, 64, 64
L -80, -378, 3, -69, -374, 3, 64, 64, 64
L -69, -374, 3, -59, -374, 6, 64, 64, 64
L -59, -374, 6, -59, -376, 5, 64, 64, 64
L -59, -376, 5, -44, -376, 5, 64, 64, 64
L -44, -376, 5, -44, -362, 5, 64, 64, 64
L -44, -362, 5, -63, -363, 3, 64, 64, 64
L -63, -363, 3, -64, -154, 9, 64, 64, 64
L -64, -154, 9, -71, -155, 13, 64, 64, 64
L -71, -155, 13, -71, -167, 30, 64, 64, 64
L -71, -167, 30, -217, -167, 30, 64, 64, 64
L -217, -167, 30, -218, -139, 22, 64, 64, 64
L -218, -139, 22, -236, -139, 21, 64, 64, 64
L -236, -139, 21, -237, -155, 29, 64, 64, 64
L -237, -155, 29, -338, -155, 29, 64, 64, 64
L -338, -155, 29, -355, -147, 21, 64, 64, 64
L -355, -147, 21, -360, -157, 27, 64, 64, 64
L -360, -157, 27, -382, -140, 33, 64, 64, 64
L -382, -140, 33, -381, -128, 33, 64, 64, 64
L -381, -128, 33, -379, -103, 27, 64, 64, 64
L -379, -103, 27, -381, -92, 28, 64, 64, 64
L -381, -92, 28, -384, -15, 29, 64, 64, 64
L -384, -15, 29, -384, 65, 29, 64, 64, 64
L -384, 65, 29, -389, 69, 29, 64, 64, 64
L -389, 69, 29, -391, 63, 30, 64, 64, 64
L -391, 63, 30, -467, 63, 30, 64, 64, 64
L -467, 63, 30, -467, 128, 23, 64, 64, 64
L -467, 128, 23, -466, 157, 23, 64, 64, 64
L -466, 157, 23, -471, 174, 27, 64, 64, 64
L -471, 174, 27, -472, 221, 28, 64, 64, 64
L -472, 221, 28, -474, 229, 27, 64, 64, 64
L -474, 229, 27, -504, 229, 23, 64, 64, 64
L -504, 229, 23, -503, 220, 33, 64, 64, 64
L -503, 220, 33, -498, 194, 34, 64, 64, 64
L -498, 194, 34, -498, 184, 34, 64, 64, 64
L -498, 184, 34, -519, 185, 22, 64, 64, 64
L -519, 185, 22, -526, 186, 32, 64, 64, 64
L -526, 186, 32, -535, 184, 32, 64, 64, 64
L -535, 184, 32, -548, 184, 41, 64, 64, 64
L -548, 184, 41, -550, 202, 37, 64, 64, 64
L -550, 202, 37, -539, 215, 39, 64, 64, 64
L -539, 215, 39, -533, 221, 29, 64, 64, 64
L -533, 221, 29, -534, 233, 23, 64, 64, 64
L -534, 233, 23, -540, 245, 33, 64, 64, 64
L -540, 245, 33, -544, 258, 31, 64, 64, 64
L -544, 258, 31, -539, 259, 30, 64, 64, 64
L -539, 259, 30, -543, 273, 26, 64, 64, 64
L -543, 273, 26, -550, 274, 34, 64, 64, 64
L -550, 274, 34, -550, 359, 38, 64, 64, 64
L -550, 359, 38, -550, 374, 37, 64, 64, 64
L -550, 374, 37, -552, 376, 36, 64, 64, 64
L -552, 376, 36, -580, 376, 40, 64, 64, 64
L -580, 376, 40, -580, 394, 47, 64, 64, 64
L -580, 394, 47, -586, 398, 35, 64, 64, 64
L -586, 398, 35, -593, 398, 55, 64, 64, 64
L -593, 398, 55, -732, 399, 54, 64, 64, 64
L -732, 399, 54, -778, 397, 33, 64, 64, 64
L -778, 397, 33, -830, 402, 47, 64, 64, 64
L -830, 402, 47, -930, 402, 47, 64, 64, 64
L -930, 402, 47, -951, 407, 37, 64, 64, 64
L -951, 407, 37, -967, 402, 41, 64, 64, 64
L -967, 402, 41, -981, 408, 45, 64, 64, 64
L -981, 408, 45, -985, 402, 47, 64, 64, 64
L -985, 402, 47, -1129, 402, 48, 64, 64, 64
L -1129, 402, 48, -1129, 406, 46, 64, 64, 64
L -1129, 406, 46, -1149, 411, 51, 64, 64, 64
L -1149, 411, 51, -1154, 412, 48, 64, 64, 64
L -1154, 412, 48, -1173, 407, 43, 64, 64, 64
L -1173, 407, 43, -1190, 407, 45, 64, 64, 64
L -1190, 407, 45, -1194, 425, 50, 64, 64, 64
L -1194, 425, 50, -1194, 479, 50, 64, 64, 64
L -1194, 479, 50, -1194, 515, 49, 64, 64, 64
L -1194, 515, 49, -1200, 521, 48, 64, 64, 64
L -1200, 521, 48, -1285, 521, 47, 64, 64, 64
L -1285, 521, 47, -1305, 521, 44, 64, 64, 64
L -1305, 521, 44, -1324, 524, 34, 64, 64, 64
L -1324, 524, 34, -1354, 523, 35, 64, 64, 64
L -1354, 523, 35, -1353, 575, 34, 64, 64, 64
L -1353, 575, 34, -1354, 650, 38, 64, 64, 64
L -1354, 650, 38, -1350, 679, 36, 64, 64, 64
L -1350, 679, 36, -1351, 695, 37, 64, 64, 64
L -1351, 695, 37, -1354, 757, 40, 64, 64, 64
L -1354, 757, 40, -1344, 757, 33, 64, 64, 64
L -1344, 757, 33, -1343, 763, 38, 64, 64, 64
L -1343, 763, 38, -1335, 770, 39, 64, 64, 64
L -1335, 770, 39, -1335, 779, 40, 64, 64, 64
L -1335, 779, 40, -1344, 810, 31, 64, 64, 64
L -1344, 810, 31, -1326, 821, 36, 64, 64, 64
L -1326, 821, 36, -1313, 828, 32, 64, 64, 64
L -1313, 828, 32, -1204, 828, 40, 64, 64, 64
L -1204, 828, 40, -1194, 818, 42, 64, 64, 64
L -1194, 818, 42, -1180, 812, 45, 64, 64, 64
L -1180, 812, 45, -1144, 822, 31, 64, 64, 64
L -1144, 822, 31, -1092, 823, 36, 64, 64, 64
L -1092, 823, 36, -1095, 793, 31, 64, 64, 64
L -1095, 793, 31, -1092, 776, 31, 64, 64, 64
L -1092, 776, 31, -1093, 721, 34, 64, 64, 64
L -1093, 721, 34, -1085, 709, 43, 64, 64, 64
L -1085, 709, 43, -982, 708, 41, 64, 64, 64
L -982, 708, 41, -964, 700, 39, 64, 64, 64
L -964, 700, 39, -938, 685, 43, 64, 64, 64
L -938, 685, 43, -939, 667, 43, 64, 64, 64
L -939, 667, 43, -938, 647, 46, 64, 64, 64
L -938, 647, 46, -938, 594, 46, 64, 64, 64
L -938, 594, 46, -941, 523, 40, 64, 64, 64
L -941, 523, 40, -938, 468, 44, 64, 64, 64
L -938, 468, 44, -938, 452, 38, 64, 64, 64
L -938, 452, 38, -927, 453, 41, 64, 64, 64
L -927, 453, 41, -818, 453, 41, 64, 64, 64
L -818, 453, 41, -815, 547, 36, 64, 64, 64
L -815, 547, 36, -811, 628, 37, 64, 64, 64
L -811, 628, 37, -825, 685, 36, 64, 64, 64
L -825, 685, 36, -816, 678, 36, 64, 64, 64
L -816, 678, 36, -800, 682, 36, 64, 64, 64
L -800, 682, 36, -740, 623, 33, 64, 64, 64
L -740, 623, 33, -740, 539, 33, 64, 64, 64
L -740, 539, 33, -736, 463, 33, 64, 64, 64
L -736, 463, 33, -736, 442, 33, 64, 64, 64
L -736, 442, 33, -742, 435, 33, 64, 64, 64
L -742, 435, 33, -741, 429, 33, 64, 64, 64
L -741, 429, 33, -734, 424, 33, 64, 64, 64
L -734, 424, 33, -731, 427, 38, 64, 64, 64
L -731, 427, 38, -671, 428, 54, 64, 64, 64
L -671, 428, 54, -601, 428, 56, 64, 64, 64
L -601, 428, 56, -583, 428, 45, 64, 64, 64
L -583, 428, 45, -484, 429, 38, 64, 64, 64
L -484, 429, 38, -386, 429, 38, 64, 64, 64
L -386, 429, 38, -386, 425, 32, 64, 64, 64
L -386, 425, 32, -377, 428, 36, 64, 64, 64
L -377, 428, 36, -352, 439, 30, 64, 64, 64
L -352, 439, 30, -331, 459, 32, 64, 64, 64
L -331, 459, 32, -299, 461, 47, 64, 64, 64
L -299, 461, 47, -265, 456, 39, 64, 64, 64
L -265, 456, 39, -261, 458, 40, 64, 64, 64
L -261, 458, 40, -217, 458, 40, 64, 64, 64
L -217, 458, 40, -151, 457, 41, 64, 64, 64
L -151, 457, 41, -148, 421, 54, 64, 64, 64
L -148, 421, 54, -163, 392, 35, 64, 64, 64
L -163, 392, 35, -162, 176, 34, 64, 64, 64
L -162, 176, 34, -162, 76, 37, 64, 64, 64
L -162, 76, 37, -161, 19, 36, 64, 64, 64
L -161, 19, 36, -150, 16, 41, 64, 64, 64
L -150, 16, 41, -143, 10, 42, 64, 64, 64
L -143, 10, 42, -115, 16, 29, 64, 64, 64
L -115, 16, 29, -83, 16, 38, 64, 64, 64
L -83, 16, 38, -94, 1, 50, 64, 64, 64
L -94, 1, 50, -104, -11, 58, 64, 64, 64
L -104, -11, 58, -115, -14, 38, 64, 64, 64
L -115, -14, 38, -120, -16, 44, 64, 64, 64
L -120, -16, 44, -144, -16, 38, 64, 64, 64
L -144, -16, 38, -180, -15, 32, 64, 64, 64
L -180, -15, 32, -202, 27, 34, 64, 64, 64
L -202, 27, 34, -202, 75, 37, 64, 64, 64
L -202, 75, 37, -202, 99, 35, 64, 64, 64
L -202, 99, 35, -202, 258, 34, 64, 64, 64
L -202, 258, 34, -203, 359, 38, 64, 64, 64
L -203, 359, 38, -203, 390, 36, 64, 64, 64
L -203, 390, 36, -200, 401, 41, 64, 64, 64
L -200, 401, 41, -195, 403, 40, 64, 64, 64
L -195, 403, 40, -195, 417, 35, 64, 64, 64
L -195, 417, 35, -205, 418, 35, 64, 64, 64
L -205, 418, 35, -274, 417, 37, 64, 64, 64
L -274, 417, 37, -279, 417, 37, 64, 64, 64
L -279, 417, 37, -271, 377, 32, 64, 64, 64
L -271, 377, 32, -271, 283, 33, 64, 64, 64
L -271, 283, 33, -277, 259, 30, 64, 64, 64
L -277, 259, 30, -283, 251, 31, 64, 64, 64
L -283, 251, 31, -296, 233, 31, 64, 64, 64
L -296, 233, 31, -330, 223, 28, 64, 64, 64
L -330, 223, 28, -358, 221, 33, 64, 64, 64
L -358, 221, 33, -358, 182, 33, 64, 64, 64
L -358, 182, 33, -361, 181, 32, 64, 64, 64
L -361, 181, 32, -358, 70, 31, 64, 64, 64
L -358, 70, 31, -356, 60, 30, 64, 64, 64
L -356, 60, 30, -356, -92, 21, 64, 64, 64
L -356, -92, 21, -352, -98, 22, 64, 64, 64
L -352, -98, 22, -338, -97, 29, 64, 64, 64
L -338, -97, 29, -216, -94, 23, 64, 64, 64
L -216, -94, 23, -223, -34, 31, 64, 64, 64
L -223, -34, 31, -165, -34, 30, 64, 64, 64
L -165, -34, 30, -143, -32, 20, 64, 64, 64
L -143, -32, 20, -121, -30, 19, 64, 64, 64
L -121, -30, 19, -120, -71, 30, 64, 64, 64
L -120, -71, 30, -123, -109, 38, 64, 64, 64
L -123, -109, 38, -107, -111, 29, 64, 64, 64
L -107, -111, 29, -72, -110, 28, 64, 64, 64
L -72, -110, 28, -62, -116, 7, 64, 64, 64
L -62, -116, 7, -63, -52, 3, 64, 64, 64
L -63, -52, 3, -63, 15, 3, 64, 64, 64
L -63, 15, 3, -63, 150, 8, 64, 64, 64
L -63, 150, 8, -63, 422, 3, 64, 64, 64
L -63, 422, 3, -63, 655, 5, 64, 64, 64
L -63, 655, 5, -40, 655, 3, 64, 64, 64
L -40, 655, 3, -41, 666, 3, 64, 64, 64
L -41, 666, 3, -85, 667, 3, 64, 64, 64
L -85, 667, 3, -85, 708, 3, 64, 64, 64
L -65, 710, 31, -64, 702, 3, 64, 64, 64
L -64, 702, 3, 42, 702, 3, 64, 64, 64
L 42, 702, 3, 43, 717, 3, 64, 64, 64
L 60, 718, 31, 60, 667, 3, 64, 64, 64
L 60, 667, 3, 16, 666, 3, 64, 64, 64
L 16, 666, 3, 15, 657, 3, 64, 64, 64
L 15, 657, 3, 21, 655, 5, 64, 64, 64
L 21, 655, 5, 21, 640, 5, 64, 64, 64
L 21, 640, 5, 34, 639, 6, 64, 64, 64
L 34, 639, 6, 29, 391, 3, 64, 64, 64
L 29, 391, 3, 35, 336, 24, 64, 64, 64
L 35, 336, 24, 50, 332, 20, 64, 64, 64
L 50, 332, 20, 156, 332, 20, 64, 64, 64
L 156, 332, 20, 160, 327, 17, 64, 64, 64
L 160, 327, 17, 188, 327, 16, 64, 64, 64
L 188, 327, 16, 205, 328, 11, 64, 64, 64
L 205, 328, 11, 200, 436, 14, 64, 64, 64
L 200, 436, 14, 202, 488, 4, 64, 64, 64
L 202, 488, 4, 301, 488, 7, 64, 64, 64
L 301, 488, 7, 328, 487, 7, 64, 64, 64
L 328, 487, 7, 369, 487, 25, 64, 64, 64
L 369, 487, 25, 392, 487, 12, 64, 64, 64
L 392, 487, 12, 443, 487, 9, 64, 64, 64
L 443, 487, 9, 447, 489, 9, 64, 64, 64
L 447, 489, 9, 448, 552, -4, 64, 64, 64
L 448, 552, -4, 387, 611, -4, 64, 64, 64
L 387, 685, -48, 387, 685, -4, 64, 64, 64
L 387, 685, -4, 484, 590, -4, 64, 64, 64
L 484, 590, -4, 481, 495, -1, 64, 64, 64
L 481, 495, -1, 495, 465, 0, 64, 64, 64
L 495, 465, 0, 507, 427, 11, 64, 64, 64
L 507, 427, 11, 507, 345, 9, 64, 64, 64
L 507, 345, 9, 502, 320, 0, 64, 64, 64
L 502, 320, 0, 502, 206, 6, 64, 64, 64
L 502, 206, 6, 501, 114, 6, 64, 64, 64
L 501, 114, 6, 505, 52, 7, 64, 64, 64
L 505, 52, 7, 504, -30, 9, 64, 64, 64
L 504, -30, 9, 501, -90, 12, 64, 64, 64
L 501, -90, 12, 505, -127, 2, 64, 64, 64
L 505, -127, 2, 497, -165, 7, 64, 64, 64
L 497, -165, 7, 517, -168, 9, 64, 64, 64
L 517, -168, 9, 560, -168, 9, 64, 64, 64
L 560, -168, 9, 616, -172, 5, 64, 64, 64
L 616, -172, 5, 623, -205, 10, 64, 64, 64
L 623, -205, 10, 612, -212, 4, 64, 64, 64
L 612, -212, 4, 611, -220, 4, 64, 64, 64
L 611, -220, 4, 613, -225, 4, 64, 64, 64
L 613, -225, 4, 614, -435, 7, 64, 64, 64
L 614, -435, 7, 614, -548, 6, 64, 64, 64
L 614, -548, 6, 614, -606, 3, 64, 64, 64
L 614, -606, 3, 618, -618, 10, 64, 64, 64
L 618, -618, 10, 620, -651, -3, 64, 64, 64
L 620, -651, -3, 619, -658, -3, 64, 64, 64
L 619, -658, -3, 620, -660, -3, 64, 64, 64
L 620, -660, -3, 642, -657, 0, 64, 64, 64
L 642, -657, 0, 677, -658, -10, 64, 64, 64
L 677, -658, -10, 703, -661, -8, 64, 64, 64
L 703, -661, -8, 725, -661, -9, 64, 64, 64
L 725, -661, -9, 756, -657, 1, 64, 64, 64
L 756, -657, 1, 759, -657, 5, 64, 64, 64
L 759, -657, 5, 769, -668, 20, 64, 64, 64
L 769, -668, 20, 767, -680, 9, 64, 64, 64
L 767, -680, 9, 786, -688, 3, 64, 64, 64
L 786, -688, 3, 786, -779, 0, 64, 64, 64
L 786, -779, 0, 776, -794, 0, 64, 64, 64
L 776, -794, 0, 576, -794, 2, 64, 64, 64
L 576, -794, 2, 578, -790, 9, 64, 64, 64
L 578, -790, 9, 587, -780, -10, 64, 64, 64
L 587, -780, -10, 577, -767, -6, 64, 64, 64
L 577, -767, -6, 564, -770, -9, 64, 64, 64
L 564, -770, -9, 546, -768, -1, 64, 64, 64
L 546, -768, -1, 531, -782, 3, 64, 64, 64
L 531, -782, 3, 492, -782, -1, 64, 64, 64
L 492, -782, -1, 442, -782, 3, 64, 64, 64
L 442, -782, 3, 419, -772, -7, 64, 64, 64
L 419, -772, -7, 396, -758, 0, 64, 64, 64
L 396, -758, 0, 396, -741, -1, 64, 64, 64
L 396, -741, -1, 394, -704, -8, 64, 64, 64
L 394, -704, -8, 393, -558, -5, 64, 64, 64
L 393, -558, -5, 375, -563, 0, 64, 64, 64
L 375, -563, 0, 309, -563, 0, 64, 64, 64
L 309, -563, 0, 309, -501, -9, 64, 64, 64
L 309, -501, -9, 300, -492, -5, 64, 64, 64
L 300, -492, -5, 297, -483, -4, 64, 64, 64
L 297, -483, -4, 283, -491, 18, 64, 64, 64
L 283, -491, 18, 127, -491, 15, 64, 64, 64
L 127, -491, 15, 126, -487, 9, 64, 64, 64
L 126, -487, 9, 92, -488, 7, 64, 64, 64
L 92, -488, 7, 92, -484, 8, 64, 64, 64
L 92, -484, 8, 77, -487, 3, 64, 64, 64
L 77, -487, 3, 73, -494, 3, 64, 64, 64
L 73, -494, 3, 71, -514, 3, 64, 64, 64
L 71, -514, 3, 64, -529, 3, 64, 64, 64
L 64, -529, 3, 58, -536, 3, 64, 64, 64
L 58, -536, 3, 41, -544, 3, 64, 64, 64
L 41, -544, 3, 30, -547, 4, 64, 64, 64
L 30, -547, 4, 18, -548, 4, 64, 64, 64
L 18, -548, 4, 18, -561, 4, 64, 64, 64
L 18, -561, 4, 36, -560, 3, 64, 64, 64
L 36, -560, 3, 38, -848, -23, 64, 64, 64
L 38, -848, -23, 35, -1020, -42, 64, 64, 64
L 35, -1020, -42, 33, -1141, -65, 64, 64, 64
L 33, -1141, -65, 33, -1662, -62, 64, 64, 64
L 33, -1662, -62, 32, -1657, -64, 64, 64, 64
L 32, -1657, -64, 18, -1657, -64, 64, 64, 64
L 18, -1657, -64, 18, -1671, -64, 64, 64, 64
L 18, -1671, -64, 15, -1673, -65, 64, 64, 64
L 15, -1673, -65, 16, -1840, -68, 64, 64, 64
L 16, -1840, -68, 33, -1842, -62, 64, 64, 64
L 33, -1842, -62, 37, -1931, -68, 64, 64, 64
L 37, -1931, -68, 329, -1936, -68, 64, 64, 64
L -421, -619, 445, -494, -619, 44, 64, 64, 64
L -494, -619, 44, -497, -623, 42, 64, 64, 64
L -497, -623, 42, -498, -755, 45, 64, 64, 64
L -498, -755, 45, -503, -756, 41, 64, 64, 64
L -503, -756, 41, -497, -765, 40, 64, 64, 64
L -497, -765, 40, -476, -766, 47, 64, 64, 64
L -476, -766, 47, -475, -773, 39, 64, 64, 64
L -475, -773, 39, -319, -771, 31, 64, 64, 64
L -319, -771, 31, -318, -778, 32, 64, 64, 64
L -318, -778, 32, -312, -773, 34, 64, 64, 64
L -312, -773, 34, -296, -756, 35, 64, 64, 64
L -296, -756, 35, -301, -727, 39, 64, 64, 64
L -301, -727, 39, -301, -623, 39, 64, 64, 64
L -301, -623, 39, -375, -620, 45, 64, 64, 64
L -375, -620, 45, -377, -614, 44, 64, 64, 64
L -377, -614, 44, -398, -613, 34, 64, 64, 64
L -398, -613, 34, -420, -614, 39, 64, 64, 64
L -420, -614, 39, -421, -619, 44, 64, 64, 64
L -610, -818, 464, -611, -815, 46, 64, 64, 64
L -611, -815, 46, -627, -831, 48, 64, 64, 64
L -627, -831, 48, -617, -832, 49, 64, 64, 64
L -617, -832, 49, -617, -992, 48, 64, 64, 64
L -617, -992, 48, -614, -996, 44, 64, 64, 64
L -614, -996, 44, -420, -995, 47, 64, 64, 64
L -420, -995, 47, -420, -879, 42, 64, 64, 64
L -420, -879, 42, -426, -876, 37, 64, 64, 64
L -426, -876, 37, -436, -860, 55, 64, 64, 64
L -436, -860, 55, -448, -836, 36, 64, 64, 64
L -448, -836, 36, -478, -821, 46, 64, 64, 64
L -478, -821, 46, -579, -821, 46, 64, 64, 64
L -579, -821, 46, -591, -819, 50, 64, 64, 64
L -591, -819, 50, -610, -818, 46, 64, 64, 64
L -309, -1316, 266, -307, -1311, 26, 64, 64, 64
L -307, -1311, 26, -303, -1313, 29, 64, 64, 64
L -303, -1313, 29, -303, -1427, 33, 64, 64, 64
L -303, -1427, 33, -304, -1428, 33, 64, 64, 64
L -304, -1428, 33, -392, -1429, 33, 64, 64, 64
L -392, -1429, 33, -469, -1429, 31, 64, 64, 64
L -469, -1429, 31, -472, -1321, 36, 64, 64, 64
L -472, -1321, 36, -478, -1319, 32, 64, 64, 64
L -478, -1319, 32, -468, -1311, 32, 64, 64, 64
L -468, -1311, 32, -418, -1307, 31, 64, 64, 64
L -418, -1307, 31, -396, -1307, 31, 64, 64, 64
L -396, -1307, 31, -396, -1306, 30, 64, 64, 64
L -396, -1306, 30, -386, -1304, 29, 64, 64, 64
L -386, -1304, 29, -380, -1303, 33, 64, 64, 64
L -380, -1303, 33, -374, -1300, 34, 64, 64, 64
L -374, -1300, 34, -366, -1302, 31, 64, 64, 64
L -366, -1302, 31, -364, -1310, 35, 64, 64, 64
L -364, -1310, 35, -344, -1312, 35, 64, 64, 64
L -344, -1312, 35, -323, -1314, 27, 64, 64, 64
L -323, -1314, 27, -309, -1316, 26, 64, 64, 64
L -175, -1290, 423, -177, -1728, 29, 64, 64, 64
L -177, -1728, 29, -206, -1728, 30, 64, 64, 64
L -206, -1728, 30, -193, -1755, 22, 64, 64, 64
L -193, -1755, 22, -183, -1757, 21, 64, 64, 64
L -183, -1757, 21, -178, -1762, 21, 64, 64, 64
L -178, -1762, 21, -178, -1772, 22, 64, 64, 64
L -178, -1772, 22, -189, -1782, 31, 64, 64, 64
L -189, -1782, 31, -194, -1797, 23, 64, 64, 64
L -194, -1797, 23, -204, -1791, 29, 64, 64, 64
L -204, -1791, 29, -305, -1791, 29, 64, 64, 64
L -305, -1791, 29, -306, -1796, 24, 64, 64, 64
L -306, -1796, 24, -337, -1795, 21, 64, 64, 64
L -337, -1795, 21, -337, -1783, 21, 64, 64, 64
L -337, -1783, 21, -330, -1781, 32, 64, 64, 64
L -330, -1781, 32, -330, -1628, 33, 64, 64, 64
L -330, -1628, 33, -332, -1626, 30, 64, 64, 64
L -332, -1626, 30, -332, -1516, 27, 64, 64, 64
L -332, -1516, 27, -334, -1515, 24, 64, 64, 64
L -334, -1515, 24, -332, -1473, 33, 64, 64, 64
L -332, -1473, 33, -300, -1470, 22, 64, 64, 64
L -300, -1470, 22, -277, -1469, 20, 64, 64, 64
L -277, -1469, 20, -261, -1441, 30, 64, 64, 64
L -261, -1441, 30, -245, -1419, 29, 64, 64, 64
L -245, -1419, 29, -245, -1339, 30, 64, 64, 64
L -245, -1339, 30, -246, -1306, 26, 64, 64, 64
L -246, -1306, 26, -186, -1275, 35, 64, 64, 64
L -186, -1275, 35, -168, -1288, 42, 64, 64, 64
L -168, -1288, 42, -175, -1290, 42, 64, 64, 64
L -369, -1534, 210, -400, -1533, 31, 64, 64, 64
L -400, -1533, 31, -405, -1529, 30, 64, 64, 64
L -405, -1529, 30, -405, -1477, 30, 64, 64, 64
L -405, -1477, 30, -403, -1472, 34, 64, 64, 64
L -403, -1472, 34, -381, -1471, 30, 64, 64, 64
L -381, -1471, 30, -363, -1473, 26, 64, 64, 64
L -363, -1473, 26, -362, -1470, 26, 64, 64, 64
L -362, -1470, 26, -357, -1471, 26, 64, 64, 64
L -357, -1471, 26, -357, -1524, 18, 64, 64, 64
L -357, -1524, 18, -367, -1536, 20, 64, 64, 64
L -367, -1536, 20, -369, -1534, 21, 64, 64, 64
L -470, -1514, 291, -473, -1486, 33, 64, 64, 64
L -473, -1486, 33, -476, -1485, 29, 64, 64, 64
L -476, -1485, 29, -477, -1465, 23, 64, 64, 64
L -477, -1465, 23, -449, -1463, 26, 64, 64, 64
L -449, -1463, 26, -447, -1473, 28, 64, 64, 64
L -447, -1473, 28, -446, -1474, 28, 64, 64, 64
L -446, -1474, 28, -445, -1493, 27, 64, 64, 64
L -445, -1493, 27, -445, -1525, 26, 64, 64, 64
L -445, -1525, 26, -443, -1526, 24, 64, 64, 64
L -443, -1526, 24, -443, -1532, 24, 64, 64, 64
L -443, -1532, 24, -468, -1533, 30, 64, 64, 64
L -468, -1533, 30, -469, -1526, 29, 64, 64, 64
L -469, -1526, 29, -467, -1525, 34, 64, 64, 64
L -467, -1525, 34, -470, -1514, 29, 64, 64, 64
L 93, -443, 73, 92, -448, 7, 64, 64, 64
L 92, -448, 7, 78, -448, 3, 64, 64, 64
L 78, -448, 3, 68, -431, 3, 64, 64, 64
L 68, -431, 3, 67, -412, 3, 64, 64, 64
L 67, -412, 3, 66, -405, 3, 64, 64, 64
L 66, -405, 3, 55, -390, 3, 64, 64, 64
L 55, -390, 3, 40, -381, 3, 64, 64, 64
L 40, -381, 3, 30, -377, 7, 64, 64, 64
L 30, -377, 7, 19, -376, 5, 64, 64, 64
L 19, -376, 5, 19, -362, 5, 64, 64, 64
L 19, -362, 5, 37, -364, 4, 64, 64, 64
L 37, -364, 4, 37, -225, 4, 64, 64, 64
L 37, -225, 4, 178, -228, 24, 64, 64, 64
L 178, -228, 24, 180, -221, 15, 64, 64, 64
L 180, -221, 15, 195, -221, 0, 64, 64, 64
L 195, -221, 0, 196, -243, 7, 64, 64, 64
L 196, -243, 7, 203, -243, 13, 64, 64, 64
L 203, -243, 13, 223, -242, 16, 64, 64, 64
L 223, -242, 16, 240, -243, 11, 64, 64, 64
L 240, -243, 11, 253, -230, 0, 64, 64, 64
L 253, -230, 0, 259, -245, 1, 64, 64, 64
L 259, -245, 1, 256, -257, -2, 64, 64, 64
L 256, -257, -2, 237, -265, -7, 64, 64, 64
L 237, -265, -7, 226, -270, 4, 64, 64, 64
L 226, -270, 4, 226, -349, 4, 64, 64, 64
L 226, -349, 4, 234, -354, -2, 64, 64, 64
L 234, -354, -2, 232, -368, -1, 64, 64, 64
L 232, -368, -1, 232, -371, 0, 64, 64, 64
L 232, -371, 0, 240, -405, -3, 64, 64, 64
L 240, -405, -3, 239, -412, 0, 64, 64, 64
L 239, -412, 0, 231, -416, 2, 64, 64, 64
L 231, -416, 2, 226, -417, 3, 64, 64, 64
L 226, -417, 3, 226, -435, 3, 64, 64, 64
L 226, -435, 3, 230, -432, 5, 64, 64, 64
L 230, -432, 5, 232, -433, 5, 64, 64, 64
L 232, -433, 5, 232, -448, 0, 64, 64, 64
L 232, -448, 0, 217, -449, 10, 64, 64, 64
L 217, -449, 10, 190, -450, 19, 64, 64, 64
L 190, -450, 19, 127, -450, 14, 64, 64, 64
L 127, -450, 14, 126, -453, 14, 64, 64, 64
L 126, -453, 14, 93, -443, 7, 64, 64, 64
L 277, -419, 22, 274, -418, 2, 64, 64, 64
L 274, -418, 2, 274, -397, -7, 64, 64, 64
L 274, -397, -7, 305, -400, 2, 64, 64, 64
L 305, -400, 2, 305, -458, -3, 64, 64, 64
L 305, -458, -3, 307, -459, -6, 64, 64, 64
L 307, -459, -6, 306, -466, -5, 64, 64, 64
L 306, -466, -5, 300, -467, -2, 64, 64, 64
L 300, -467, -2, 299, -469, -2, 64, 64, 64
L 299, -469, -2, 285, -469, 0, 64, 64, 64
L 285, -469, 0, 282, -466, 0, 64, 64, 64
L 282, -466, 0, 283, -458, 5, 64, 64, 64
L 283, -458, 5, 280, -447, 1, 64, 64, 64
L 280, -447, 1, 278, -438, 3, 64, 64, 64
L 278, -438, 3, 278, -426, 3, 64, 64, 64
L 278, -426, 3, 277, -419, 2, 64, 64, 64
L 418, -452, -9, 415, -445, 6, 64, 64, 64
L 415, -445, 6, 418, -444, 6, 64, 64, 64
L 418, -444, 6, 419, -404, 0, 64, 64, 64
L 419, -404, 0, 444, -403, 2, 64, 64, 64
L 444, -403, 2, 450, -402, 0, 64, 64, 64
L 450, -402, 0, 465, -402, 0, 64, 64, 64
L 465, -402, 0, 471, -401, 0, 64, 64, 64
L 471, -401, 0, 480, -402, 0, 64, 64, 64
L 480, -402, 0, 484, -397, 0, 64, 64, 64
L 484, -397, 0, 491, -384, 0, 64, 64, 64
L 491, -384, 0, 488, -367, -10, 64, 64, 64
L 488, -367, -10, 505, -353, 0, 64, 64, 64
L 505, -353, 0, 505, -248, 1, 64, 64, 64
L 505, -248, 1, 500, -226, -1, 64, 64, 64
L 500, -226, -1, 499, -209, 4, 64, 64, 64
L 499, -209, 4, 501, -208, 5, 64, 64, 64
L 501, -208, 5, 522, -209, 14, 64, 64, 64
L 522, -209, 14, 559, -208, 6, 64, 64, 64
L 559, -208, 6, 582, -212, 4, 64, 64, 64
L 582, -212, 4, 582, -220, 3, 64, 64, 64
L 582, -220, 3, 573, -223, 3, 64, 64, 64
L 573, -223, 3, 574, -544, 3, 64, 64, 64
L 574, -544, 3, 574, -606, 4, 64, 64, 64
L 574, -606, 4, 594, -640, 5, 64, 64, 64
L 594, -640, 5, 589, -668, -7, 64, 64, 64
L 589, -668, -7, 568, -661, 0, 64, 64, 64
L 568, -661, 0, 573, -721, -7, 64, 64, 64
L 573, -721, -7, 552, -732, 3, 64, 64, 64
L 552, -732, 3, 539, -725, 4, 64, 64, 64
L 539, -725, 4, 440, -724, -1, 64, 64, 64
L 440, -724, -1, 420, -719, -10, 64, 64, 64
L 420, -719, -10, 420, -653, -1, 64, 64, 64
L 420, -653, -1, 420, -643, 7, 64, 64, 64
L 420, -643, 7, 420, -561, 7, 64, 64, 64
L 420, -561, 7, 419, -561, 2, 64, 64, 64
L 419, -561, 2, 418, -452, 0, 64, 64, 64
L 394, -451, -100, 399, -453, -10, 64, 64, 64
L 399, -453, -10, 391, -462, -4, 64, 64, 64
L 391, -462, -4, 386, -469, -5, 64, 64, 64
L 386, -469, -5, 371, -469, 0, 64, 64, 64
L 371, -469, 0, 350, -465, 0, 64, 64, 64
L 350, -465, 0, 340, -463, -4, 64, 64, 64
L 340, -463, -4, 345, -432, -3, 64, 64, 64
L 345, -432, -3, 344, -427, -3, 64, 64, 64
L 344, -427, -3, 345, -417, 0, 64, 64, 64
L 345, -417, 0, 336, -416, -2, 64, 64, 64
L 336, -416, -2, 336, -407, -2, 64, 64, 64
L 336, -407, -2, 350, -402, -1, 64, 64, 64
L 350, -402, -1, 376, -400, -3, 64, 64, 64
L 376, -400, -3, 380, -399, -3, 64, 64, 64
L 380, -399, -3, 394, -437, 2, 64, 64, 64
L 394, -437, 2, 394, -451, 1, 64, 64, 64
L 394, -451, 1, 399, -453, -11, 64, 64, 64
L 444, -362, -22, 358, -362, 3, 64, 64, 64
L 358, -362, 3, 281, -362, 3, 64, 64, 64
L 281, -362, 3, 280, -360, 2, 64, 64, 64
L 280, -360, 2, 278, -254, 4, 64, 64, 64
L 278, -254, 4, 271, -253, 5, 64, 64, 64
L 271, -253, 5, 279, -243, 1, 64, 64, 64
L 279, -243, 1, 381, -243, 5, 64, 64, 64
L 381, -243, 5, 389, -241, 4, 64, 64, 64
L 389, -241, 4, 406, -244, 3, 64, 64, 64
L 406, -244, 3, 430, -246, 0, 64, 64, 64
L 430, -246, 0, 442, -244, 3, 64, 64, 64
L 442, -244, 3, 449, -246, 1, 64, 64, 64
L 449, -246, 1, 444, -362, -2, 64, 64, 64
L 459, -136, 27, 464, -147, 4, 64, 64, 64
L 464, -147, 4, 454, -153, 11, 64, 64, 64
L 454, -153, 11, 454, -164, 3, 64, 64, 64
L 454, -164, 3, 428, -188, -1, 64, 64, 64
L 428, -188, -1, 421, -197, -3, 64, 64, 64
L 421, -197, -3, 411, -203, 0, 64, 64, 64
L 411, -203, 0, 402, -197, 2, 64, 64, 64
L 402, -197, 2, 394, -201, 1, 64, 64, 64
L 394, -201, 1, 188, -197, 7, 64, 64, 64
L 188, -197, 7, 187, -199, 6, 64, 64, 64
L 187, -199, 6, 44, -199, 7, 64, 64, 64
L 44, -199, 7, 44, -203, 6, 64, 64, 64
L 44, -203, 6, 37, -201, 7, 64, 64, 64
L 37, -201, 7, 37, 68, 12, 64, 64, 64
L 37, 68, 12, 40, 79, 10, 64, 64, 64
L 40, 79, 10, 60, 74, 18, 64, 64, 64
L 60, 74, 18, 72, 74, 17, 64, 64, 64
L 72, 74, 17, 73, 66, 25, 64, 64, 64
L 73, 66, 25, 81, 63, 18, 64, 64, 64
L 81, 63, 18, 81, 30, 16, 64, 64, 64
L 81, 30, 16, 81, -41, 18, 64, 64, 64
L 81, -41, 18, 83, -53, 13, 64, 64, 64
L 83, -53, 13, 117, -88, 9, 64, 64, 64
L 117, -88, 9, 145, -114, 22, 64, 64, 64
L 145, -114, 22, 162, -127, 28, 64, 64, 64
L 162, -127, 28, 204, -125, 2, 64, 64, 64
L 204, -125, 2, 419, -130, 2, 64, 64, 64
L 419, -130, 2, 428, -118, 2, 64, 64, 64
L 428, -118, 2, 444, -120, 6, 64, 64, 64
L 444, -120, 6, 455, -130, 9, 64, 64, 64
L 455, -130, 9, 459, -136, 2, 64, 64, 64
L 390, -40, 21, 260, -56, 5, 64, 64, 64
L 260, -56, 5, 218, -50, 6, 64, 64, 64
L 218, -50, 6, 189, -49, 6, 64, 64, 64
L 189, -49, 6, 152, -49, 3, 64, 64, 64
L 152, -49, 3, 132, -41, 15, 64, 64, 64
L 132, -41, 15, 133, 40, 16, 64, 64, 64
L 133, 40, 16, 123, 48, 5, 64, 64, 64
L 123, 48, 5, 124, 57, 10, 64, 64, 64
L 124, 57, 10, 132, 54, 15, 64, 64, 64
L 132, 54, 15, 127, 55, 10, 64, 64, 64
L 127, 55, 10, 128, 74, 6, 64, 64, 64
L 128, 74, 6, 157, 76, 8, 64, 64, 64
L 157, 76, 8, 176, 67, 10, 64, 64, 64
L 176, 67, 10, 191, 67, 10, 64, 64, 64
L 191, 67, 10, 192, 70, 10, 64, 64, 64
L 192, 70, 10, 207, 72, 10, 64, 64, 64
L 207, 72, 10, 221, 71, 11, 64, 64, 64
L 221, 71, 11, 228, 72, 10, 64, 64, 64
L 228, 72, 10, 230, 75, 8, 64, 64, 64
L 230, 75, 8, 242, 73, 9, 64, 64, 64
L 242, 73, 9, 247, 78, 6, 64, 64, 64
L 247, 78, 6, 261, 72, 10, 64, 64, 64
L 261, 72, 10, 271, 70, 12, 64, 64, 64
L 271, 70, 12, 327, 70, 12, 64, 64, 64
L 327, 70, 12, 361, 71, 3, 64, 64, 64
L 361, 71, 3, 372, 87, 4, 64, 64, 64
L 372, 87, 4, 389, 112, 10, 64, 64, 64
L 389, 112, 10, 388, 211, 12, 64, 64, 64
L 388, 211, 12, 386, 228, 11, 64, 64, 64
L 386, 228, 11, 394, 232, 8, 64, 64, 64
L 394, 232, 8, 412, 225, 0, 64, 64, 64
L 412, 225, 0, 450, 225, -2, 64, 64, 64
L 450, 225, -2, 455, 201, 0, 64, 64, 64
L 455, 201, 0, 403, 201, 0, 64, 64, 64
L 403, 201, 0, 403, 118, 0, 64, 64, 64
L 403, 118, 0, 407, 61, 0, 64, 64, 64
L 407, 61, 0, 407, -27, 0, 64, 64, 64
L 407, -27, 0, 457, -26, 0, 64, 64, 64
L 457, -26, 0, 458, -39, 2, 64, 64, 64
L 458, -39, 2, 405, -40, 2, 64, 64, 64
L 405, -40, 2, 402, -59, 2, 64, 64, 64
L 402, -59, 2, 391, -59, 2, 64, 64, 64
L 391, -59, 2, 390, -40, 2, 64, 64, 64
L 37, 108, 131, 37, 268, 5, 64, 64, 64
L 37, 268, 5, 38, 285, 5, 64, 64, 64
L 38, 285, 5, 73, 278, 15, 64, 64, 64
L 73, 278, 15, 82, 260, 24, 64, 64, 64
L 82, 260, 24, 81, 143, 17, 64, 64, 64
L 81, 143, 17, 72, 106, 14, 64, 64, 64
L 72, 106, 14, 65, 100, 9, 64, 64, 64
L 65, 100, 9, 56, 106, 18, 64, 64, 64
L 56, 106, 18, 40, 106, 18, 64, 64, 64
L 40, 106, 18, 37, 108, 13, 64, 64, 64
L 135, 113, 144, 133, 255, 17, 64, 64, 64
L 133, 255, 17, 130, 256, 15, 64, 64, 64
L 130, 256, 15, 123, 265, 19, 64, 64, 64
L 123, 265, 19, 133, 276, 14, 64, 64, 64
L 133, 276, 14, 139, 274, 15, 64, 64, 64
L 139, 274, 15, 147, 274, 18, 64, 64, 64
L 147, 274, 18, 178, 269, 17, 64, 64, 64
L 178, 269, 17, 274, 269, 17, 64, 64, 64
L 274, 269, 17, 274, 273, 11, 64, 64, 64
L 274, 273, 11, 319, 238, 5, 64, 64, 64
L 319, 238, 5, 321, 246, 5, 64, 64, 64
L 321, 246, 5, 337, 233, -2, 64, 64, 64
L 337, 233, -2, 335, 223, 12, 64, 64, 64
L 335, 223, 12, 330, 116, 12, 64, 64, 64
L 330, 116, 12, 319, 111, 15, 64, 64, 64
L 319, 111, 15, 225, 111, 17, 64, 64, 64
L 225, 111, 17, 213, 111, 18, 64, 64, 64
L 213, 111, 18, 193, 112, 16, 64, 64, 64
L 193, 112, 16, 138, 109, 16, 64, 64, 64
L 138, 109, 16, 135, 113, 14, 64, 64, 64
L 430, 321, 6, 275, 320, 8, 64, 64, 64
L 275, 320, 8, 274, 327, 17, 64, 64, 64
L 274, 327, 17, 261, 327, 21, 64, 64, 64
L 261, 327, 21, 250, 342, 11, 64, 64, 64
L 250, 342, 11, 252, 441, 14, 64, 64, 64
L 252, 441, 14, 254, 444, 11, 64, 64, 64
L 254, 444, 11, 255, 446, 10, 64, 64, 64
L 255, 446, 10, 445, 446, 13, 64, 64, 64
L 445, 446, 13, 449, 339, 9, 64, 64, 64
L 449, 339, 9, 455, 338, 3, 64, 64, 64
L 455, 338, 3, 432, 310, 1, 64, 64, 64
L 432, 310, 1, 431, 321, 0, 64, 64, 64
L -431, 209, 292, -439, 210, 27, 64, 64, 64
L -439, 210, 27, -440, 223, 28, 64, 64, 64
L -440, 223, 28, -382, 230, 24, 64, 64, 64
L -382, 230, 24, -382, 220, 26, 64, 64, 64
L -382, 220, 26, -382, 175, 25, 64, 64, 64
L -382, 175, 25, -378, 174, 25, 64, 64, 64
L -378, 174, 25, -385, 164, 29, 64, 64, 64
L -385, 164, 29, -390, 155, 30, 64, 64, 64
L -390, 155, 30, -412, 157, 24, 64, 64, 64
L -412, 157, 24, -432, 169, 29, 64, 64, 64
L -432, 169, 29, -432, 194, 26, 64, 64, 64
L -432, 194, 26, -431, 209, 29, 64, 64, 64
L -329, 339, 300, -330, 265, 31, 64, 64, 64
L -330, 265, 31, -485, 263, 34, 64, 64, 64
L -485, 263, 34, -498, 262, 30, 64, 64, 64
L -498, 262, 30, -498, 278, 35, 64, 64, 64
L -498, 278, 35, -498, 372, 35, 64, 64, 64
L -498, 372, 35, -504, 373, 31, 64, 64, 64
L -504, 373, 31, -482, 382, 32, 64, 64, 64
L -482, 382, 32, -400, 383, 41, 64, 64, 64
L -400, 383, 41, -398, 400, 26, 64, 64, 64
L -398, 400, 26, -375, 386, 35, 64, 64, 64
L -375, 386, 35, -347, 382, 26, 64, 64, 64
L -347, 382, 26, -331, 379, 31, 64, 64, 64
L -331, 379, 31, -332, 364, 26, 64, 64, 64
L -332, 364, 26, -327, 343, 27, 64, 64, 64
L -327, 343, 27, -329, 339, 30, 64, 64, 64
L -1122, 454, 488, -978, 455, 46, 64, 64, 64
L -978, 455, 46, -978, 540, 45, 64, 64, 64
L -978, 540, 45, -978, 649, 42, 64, 64, 64
L -978, 649, 42, -1082, 651, 43, 64, 64, 64
L -1082, 651, 43, -1092, 665, 39, 64, 64, 64
L -1092, 665, 39, -1143, 596, 47, 64, 64, 64
L -1143, 596, 47, -1136, 484, 50, 64, 64, 64
L -1136, 484, 50, -1139, 483, 50, 64, 64, 64
L -1139, 483, 50, -1137, 456, 47, 64, 64, 64
L -1137, 456, 47, -1134, 454, 49, 64, 64, 64
L -1134, 454, 49, -1122, 454, 48, 64, 64, 64
L -1194, 595, 493, -1188, 596, 40, 64, 64, 64
L -1188, 596, 40, -1185, 760, 34, 64, 64, 64
L -1185, 760, 34, -1202, 776, 41, 64, 64, 64
L -1202, 776, 41, -1206, 770, 40, 64, 64, 64
L -1206, 770, 40, -1306, 772, 38, 64, 64, 64
L -1306, 772, 38, -1313, 774, 39, 64, 64, 64
L -1313, 774, 39, -1321, 766, 39, 64, 64, 64
L -1321, 766, 39, -1320, 749, 41, 64, 64, 64
L -1320, 749, 41, -1321, 676, 42, 64, 64, 64
L -1321, 676, 42, -1318, 663, 43, 64, 64, 64
L -1318, 663, 43, -1317, 652, 44, 64, 64, 64
L -1317, 652, 44, -1313, 574, 41, 64, 64, 64
L -1313, 574, 41, -1214, 573, 45, 64, 64, 64
L -1214, 573, 45, -1211, 566, 41, 64, 64, 64
L -1211, 566, 41, -1205, 566, 42, 64, 64, 64
L -1205, 566, 42, -1197, 567, 42, 64, 64, 64
L -1197, 567, 42, -1198, 570, 46, 64, 64, 64
L -1198, 570, 46, -1190, 573, 42, 64, 64, 64
L -1190, 573, 42, -1194, 595, 49, 64, 64, 64
