P 3330.0000, -3818.0000, 0.0000,  64, 64, 64,  2,  The_Waterfall
P -2033.0000, -476.0000, 0.0000,  64, 64, 64,  2,  Knobbly-Top
P 481.0000, -2018.0000, 0.0000,  64, 64, 64,  2,  Mt._Klaw
P 1643.0000, 3428.0000, 0.0000,  64, 64, 64,  2,  Succor_Point
P 495.0990, -1349.0010, 1025.0790,  0, 0, 0,  3,  Oven
P 562.6000, -1389.5280, 1025.1230,  0, 0, 0,  3,  Pottery_Wheel
P 594.5120, -1354.1870, 1025.1230,  0, 0, 0,  3,  Forge
P 525.6970, -1353.8040, 1025.1230,  0, 0, 0,  3,  Kiln
P 1522.2830, 4196.7100, -380.7470,  0, 240, 0,  3,  to_The_Gulf_of_Gunthak
P -2919.7029, 3724.0481, -39.6870,  0, 240, 0,  3,  to_The_Warrens
P 645.0250, -3033.1089, 1120.2920,  0, 0, 240,  2,  Graniteback_Ridge
P 3840.6680, -2059.8831, 775.0600,  0, 0, 0,  2,  Spinning_Rocks
