P 69.0000, 723.0000, 0.0000,  64, 64, 64,  2,  Cleric_Guild
P 391.0000, 1145.0000, 0.0000,  64, 64, 64,  2,  Paladin_Guild
P 182.0280, 1554.2930, -47.3430,  0, 240, 0,  3,  to_Toxxulia_Forest
P 85.1200, 1001.4160, 67.7200,  0, 0, 0,  3,  Brew_Barrel
P 133.9510, 921.3700, 51.7200,  0, 0, 0,  3,  Kiln
P 122.4360, 893.4060, 51.7200,  0, 0, 0,  3,  Oven
P 263.1520, 737.9690, 52.7200,  0, 0, 0,  3,  Erudite_Forge
P 55.0000, 115.0000, 39.7510,  0, 0, 0,  3,  Soulbinder
P 298.4550, 1160.3240, 51.7200,  0, 0, 0,  3,  Oven
P 308.8910, 1214.3900, 51.7200,  0, 0, 0,  3,  Brew_Barrel
P 183.3910, 644.8340, 69.3450,  0, 240, 0,  3,  to_Erudin_Palace
P 277.5880, 644.6470, 64.5950,  0, 240, 0,  3,  to_Erudin_Docks
P 7.0640, 328.6420, 27.1260,  0, 240, 0,  3,  to_Erudin_City
