P -2657.4241, 1641.3790, 0.0010,  0, 240, 0,  3,  to_Butcherblock
P 1111.2889, 2620.9419, 0.0010,  0, 240, 0,  3,  to_Lesser_Faydark
P -223.6670, 700.4330, 73.9390,  0, 0, 0,  3,  Druid_Guild
P 382.0000, 348.0000, 114.4070,  0, 0, 0,  3,  Soulbinder
P -343.5630, -399.7210, 157.9700,  0, 0, 0,  3,  Oven
P 548.3800, 197.9260, 157.9700,  0, 0, 0,  3,  Pottery_Wheel
P 2589.0601, 1976.1200, 20.4070,  0, 240, 0,  3,  to_Felwithe
P -296.0000, 283.0000, 0.0000,  0, 0, 0,  2,  Bard_Guild
P 157.0000, 553.0000, 0.0000,  0, 0, 0,  2,  Rogue_Guild
P -264.0000, -318.0000, 0.0000,  0, 0, 0,  2,  Warrior_Guild
P -522.0000, 459.0000, 0.0000,  0, 0, 0,  2,  Ranger_Guild
P -211.0000, 519.0000, 0.0000,  0, 0, 0,  2,  Brew_Barrel
P -64.0000, 251.0000, 0.0000,  0, 0, 0,  2,  Forge
P 553.0000, 176.0000, 0.0000,  0, 0, 0,  2,  Kiln
P 52.0000, -2596.0000, 0.0000,  0, 240, 0,  2,  to_Crushbone
P -223.0000, -986.0000, 0.0000,  64, 64, 64,  2,  Orc_Lift
P -236.0000, -138.0000, 0.0000,  64, 64, 64,  2,  PoD_Lift
P 459.0000, 2040.0000, 0.0000,  64, 64, 64,  2,  Wizard_Spires
P -83.0000, 478.0000, 0.0000,  64, 64, 64,  2,  Fier`Dal_Forge
P 372.0000, -523.0000, 0.0000,  64, 64, 64,  2,  Druid_Ring
P -10.0000, 20.0000, 0.0000,  64, 64, 64,  2,  Succor_Point